"V1" "V2" "V3" "V4" "V5" "V6" "V7" "V8" "V9"
1 -0.04 0.61 0.45 0.03 -0.29 -0.3 0.45 0.3
-0.04 1 -0.07 -0.12 0.49 0.43 0.3 -0.31 -0.17
0.61 -0.07 1 0.59 0.03 -0.13 -0.24 0.59 0.32
0.45 -0.12 0.59 1 -0.08 -0.21 -0.19 0.63 0.37
0.03 0.49 0.03 -0.08 1 0.47 0.41 -0.14 -0.24
-0.29 0.43 -0.13 -0.21 0.47 1 0.63 -0.13 -0.15
-0.3 0.3 -0.24 -0.19 0.41 0.63 1 -0.26 -0.29
0.45 -0.31 0.59 0.63 -0.14 -0.13 -0.26 1 0.4
0.3 -0.17 0.32 0.37 -0.24 -0.15 -0.29 0.4 1
